vsync=1
shadows=1
antiastropic_filtering=1
fullscreen=0
highdpi=0
shader_level=1
renderer=1
hud_render_interval=1000
tex_pres=5
STARTPAUSELENGTH=15
TREE_QUALITY_DISTANCE=20
MAP_SIZE=10000
HUD_WIDTH=800
HUD_HEIGHT=600
WIDTH=1280
HEIGHT=720
SHADOW_RESOLUTION=2048
RAD_DEG=57.295780
PI=3.141593
SIMULATION_FREQ=2400.000000
shift_interval=500.000000
retina_scale=2.000000
min_fps=15.000000
render_distance=3000.969971
slomo_slowness=10.000000
light_ambient=0.300000
zoom_fov=25.000000
fov=90.000000
shadow_range=100.000000
shadow_jump=20.000000
exposure_multiplyer=1.500000
